(111

111 S. 1111111111 11111101.Λὸ

11ῗὶ

111111 11111111 11111111; ’1111111111 1111 111111, Ι.11”11 nuc· ,1 uuir, 111 11111111111111111111111, 111111 11111111111111111111

11111 11111111,11111.1, 111 1111111111 111 111 1111111111 111-
11111. 1111111111, 11111 appendicis 1111111, 1111111111111-
111111 1111111111, 11111111 111111111 1111111111 1111 11111
Ι11111111 11111, 1111111111,111111111111111111111 1111111111
1111111111. 111111111111111 111 11 111 S. 1111111111
1111111111 111111; rer! 111 recurri 1111111111 1111111111
1111111111 111111111111111111111111111111111111111 11111-
1111111111 1111111111.

ΙΙ. 8111111111, 1111111111 111111 111111111111111, 11-
111111111111 1111111111 1 1111111 1111111111 1111111111
11111111111111113111111111111 nurum: r 111111111111111
11111111111111111111 11111 1111111111 111111111 11111111111111,
nihil esr 11111111111111111111. 1111 11111111 1111111111 rur·
1111111111 111 11111111111111111111111111118111111111111 1111·

11111 1111. 1., 11. 181. 1111111111 111111111111111111111 111· B

——o—p—-n-u-

1111111 11111 8111111111111111111111111111111,Ι1111111111111
1111111. 111 1111111111. (8111111.11111111111111 111111 111.
11111. 111 1111111111111111 111111111111111 111111111111111.
111111111111.Ι11111·1 11111 1111111111 1111, 1111 1111111
111 1111111 11111 1111111111 1111111111 111 1111 1111111111
111111 1111111111111 11 ad 1111111111 11 111 111111111111111111
1111111111 1111111 1111111111 1111111111. 11111111 1111111
1111111111 1111111111 stratonibus 1111111111 1111111111
5111, 1111 111111 111111 11111111ιί1, 111111 111111111111111,
11111111111111 11111111111111111111111111 11111. 1

ΙΙΙ. 111111111111111111111111111 11111111111111 111 111111
111111111111111111, 1111111 111111111111111(1111111111, 1111
1111111 11 1111111111 111 11111110 1111111 11111111111111,
1111111 1111111111.

mm* Ι

8111111111 PRAEF uT10
111 11111 1111111111 s. 11111111 1111111111.

ffl-

Ι. 1111111111 1111111111111111111111.

1111 1111111 111111111111111, 111111111111111111111111,
1111111111111111 111 1111111111 11 1111111111, 1111111111, 1111111·

1111 1111111 111111111111111.

1· Ad 111111. 11111111·11111,11111 11111111111111·Ι 11111-
1111111111 111 1111111111 111111111111111 1111111111, ‘m ’1111
1111111 11 111111 11111, 1111111111111111111 1111111111,

11. Dr eorumdum ruuurrr¹ 1111111 cumpluribus,

11111111 1111111 nuni-‘aeri eu'urul ruur 111111111111111
1111111111 111111 111111 111111111111. 11 11111111. 11111.
111111, 1111111111 1111111111 111 1111111111 1111111111 juris
11111111111111111111. 1111111111 1111111 111 Genuam
111, 1111111111111, 111 11111 1111111111 1111111111111111.
1111111. 1111111 111 1111111 11111111111111111111111·,

ursui-mua„ 11111111111111 11111111 sacrificium, ururiu 1111111111 ugr· 1111111111 1111 11111111111111111111 ‚pem 1111111,
pm 1111111111 1111111111. 1111111111 1111111111. 1111- 111111111 suatim 11111111, 11, 1111111111.. „munim
11111111111111111111, 1111111111 1111111111 1111111111, 11 1111111111, 1111111111111· 11111111· 11111111, 111 ererum
11111111, 11111111, 1111111111, 1111111 111111 11111111 1111111111111

1· Ad urum. 111 111111111111111111 1111111111 11111- 11111111 1111111111111111111111, 111111111111111111111111
11111111, 11111111111 1111111111,1111111111111111111111111· 1111111111111111111111111,111111111 111 11111111 20 lm.

1111111111 111 11111111111111111111111111, 11 1111111111111
1111111111 11111. ι

5· Au 1111111 u 1111111111 111111, 11 1111111111,
u 11111111 11111,111111111111..1111, 1111111111111111Ι 1111·
1111111111, 111111. 11, 111. 11111 1111111111 11111111 1111-
111111 furit. 1111111111-111. M 1111111111 11111111 Cicero:
111111 11111 1111, 11111111111111111.

1· Ar 1111111111. 111111 111111111111111111111111111111
1111111111. 11111111 8111111111111 1111111111, 1111111·
111 111 uo urrunnu, 111 11 111111111111111111, 111111 1111-
1111, 11 8111111111, 1 111111 1111111111 1111111111111111,
1111111111 1111111111111. Nam 11111111, 1111111, 1111111111
1111111111111111 1111111111. Er 11111111 : rimu 1111111111
1111111111 norro, 11111 1111111, 11111 111 111111111111111111
1111111111111111 111111, 111 1111111111 11111111. 1111111111-

1111· : 111111111111111111111111 1111111 8111111111. 1111111)

111111111111111111111· uri 1111111111,Ι 11111111 1111 1111-
111111 1111 11111111 1111 1111111111111 111111111111111111111111
11111111111111111111 1111111111 urrunnu-ur 11111111111111111·
1111111111, 1111 1111111 1111 11111111 111, Burrum ‹tu-rar
1111111111 111 1111111111. ΕΙ 11111111111111111 11111 1111111111 so
11111111 perquisisse 11111111111111111111 1111111111 111111·
11111 11111· 11111 111, 11 1111. 11, 1. 1ῑ; 11111, 1111 1111111 ru·
11111 11111111, 1111 11111111111111111.111 11111, 1111111111 z Sr‘
1111111111111111111 1111111111111111111, 11111111 11111111
111111 11111111 11111111 1111111111.1111 111111111111111 11111
1111111111, 111111 111111 1111 111 curru 1111111111, 111οό
1111111111 11111111111111111111. 1111111111 1111111 111111 111111
1111111, 11, ri Ι111 11111 1111 1111111111 1111111 1111111111
1111111111 11111111 11111111, 11111111111111111111111111111111
11111111111111111111111111111111 11111111, rur. 11, 111,
111111111111111111111111 111111. 11111111 1111111111 ;
1111111111111111111111111111111 11111111 111·.-·1·1111.·.·111 1111111 11 1·-
(11 sehim.

111111 111111111111111-11 Ac «1111111111111111111, 111111,
1111111111 11111111 11. l‘. 1111111111 11111111111ς 1111111111Ι
reru 111111111111111111 11111111 11111111111111111111111111.
111 vuum-usi bibliotheca 1111111111 11111111. 1111111111
1111 utu-cresi.. 1111111111 11111111,1111111111111111111111 -
1111111111111111 clarissimus 11. 11111111 1111111111. Fuit
111111111111111111 1111111111111 1111111 1111111151,- mn.
11111111 1111111111 1)-11111, 1111 11111 1111 inurinare 11111111
1111111111111 11111, 11111111, 111 11111111, 1111111111 rursumque
111111 1111111111 11 consuis-um. 111 11 11111 1111111
111111111111111111 111111111111 1111111111111111 1111111111
1111111111, 11111111, 111 1111111111111111-111111111111 1,,
11111111111111111111111, 1111111111 11 11111 Fundis-⁸ 1111111
murem 1111111 11111111 1111111111111, 11111111Ι111ς 11111111·
1111111111 1111111111111-1111111111111111, 1111111111 1111.
11111, 11111111111111111 1111111111 1111111111 mr, 1,.,1
1111111, 11111111111111111111111111, 1111111 111111111 11111111
1111 11111111 111.

ΙΙΙ. Dr 1111111111111111111 11111111111111111.

11111111111111111 11111111111111111111 ruz. 111111-
1111, l· 1111111 1111111111 1111111 ul 1111111 1111111111,
,11111111 11 1111111111111 11 11111111111111111, mm
1111111111 11111111111111; 1111111 11111111111111111·11111111111,
111 811111111111111111 111111,1111111111111111111 1111111111,
1111111111 1111111111 1111111111, 1111111 11111111111111-
111111, 6111111, 1111111111 reu-uun. 2· 11111 1111111111.
11111111 1111111111 1111111111111111111111111 1111111111, iu
1111111111 111111 11111. 111 11111-1111111111111111111 muru.
5· 111111 1111111 11111 11111 1 1111111111 11111111111111111
111111111111111111111111111, 1111111111111111 111 lx 11111·
1111111 1111111111 11111111 1111111 111111111111-111111 er 1111-
1111111111111, 111· 11111181111111, 1111111111, 1111111111· 11111111
ur 111111, 1111· 11111111 1111 11111111, J. 1111 lm 111,

 

