11111

weg. Pzffl 00110 110010001οω 0110000111 00000οί 11ὲῖ
111101. 1, .- 0101110 1101010 1100100 000 1010000010
menae, 01 00010101 111 01110 0000, 0111 10111 1101110 stannea}
ussmffffffiffissffieqffifflbwr 00011οι0111
00110000, 01 0000110110 benedictiones 0001110 01 1000101111·
10101 111 110011οι1 1010110111101011100110110111 0000001010
w 111110000010101001001110011101011100000000100

101100 01 1001101111οΙ. 1155
aas«. 111-100110 000101ιο11100011011111110 1011000, 01110
- 1010011 000οι011010 101 0110000001 10 10011010 111001111111101Ξ
..11111οὓ111111ιίἳὲἕῖιοῖοῑ 1100100 010 0010001008Ι 1150
0100110. 10011111 0000000110 01 1101100110 1001 0000 011010οι
111111101111,1.111.0111100.....111
1100100100, 111 0110 10111111οι1ιο1 0101111001 0010000, 01 uber·
01010111000010110110101010100010000011000101 0001 01110οΐοἑ
affl: 1111. -- Paulus 0000 000011 01 rex 11001010 0001
0011100 01111000 1100101 0111001, 01 01111001010101101 00001·
10100110 1111111110οι1, 01 00011100 10 111110ιο 000011. 01 000·
111000 1100111100 1111011000 000 10 manus 101100 1000100111.

11100. 11.-0101101101100011100 11001110 regi ; 08101ὖ
011010100101000000 1000111 00 11011110 01001101οι0, 0100
1010000, 00011101· 000100 0011100111 10οΙ0 0100101001οι 000-
1111811ιο. 111. -10 regem, 000 0010010οι1 &defigit
00 0000000000 00111 1101100110 1000100100 1111011111.
nnn. 1111. - 10 regem 00 10000010 0000010 1001011161
01101010101100001110001110110010. 1108
110100. 11111-000000110 0001111 1000100000 11010οι11 00
1·010111111111,10000 0000001110000111010111 00110000, agi ur·
1110 00 1111011001100 1011 01000110001011110111000 1100 000-
0100 0000 11010000οι100ωοοι 111001110οι11 001001 000-
Μ111ᾜ111μο111100010 0011000 00011010 000011011ξῖ
110110 00110110 110010 01 00010010,11011101’10010011110011111
ΙΙΙι1111101.’1111-111111011111111181111111001111 0000000101110111111ῗ
mque 00 1010010 0010 001 110 000100 0111010 [00010010713
111100. 111-80011111 110100 00 110011101ηο0 1111100
00001000 010000 1111000 00001110, 00000 0000000011οιιο
'mn 1111. ·- 10 00101001 01 1000Ιο00ιο11001 0000111151
11110110 01 010 01000110, 01 01 011111 00011110· 00011010 00011111
πεδο0000010110101100000101 1101 10010010 01100010001 1110ι
Em. 111111. ·- 10 0000001, 01111110 grauns 0011 01 100-
11 10001010001001001111. 1175

118101111οΙ 1111011 1101111111 8111001. 1010.
10101011 101111 Pauli 00 1100111001 regem .-·110101100
01001100οι0 00111 11110 00000010011100 0010011001·
1100110111 8100101100, 00000000 0]00,11001001001 000101
ι’111111011111111ορ1118111180111111-Ι-1000001, 101οι 0101000, 111111
’.1111011100Ἥῆ1118ῗο1000ξὲἥὶἵῖ
01110 01111 11110110 01110, 0001 00 11100111 0010 0110101001
mfflpflfflnfflssem-hffl 1100100ῐο 01 0111111
0011 0001, 001001001111110 10010 100010, 1101111310 100100 01
1111110110 0000, 1100100000 m 0111010001001010100111 Eo·
0101110 00 00110000111110011, 0011001 01100001 10 00010111
ωΕιιᾞπἽῧἭιιζῗι1011113821100011101 11000111 00 110110
111010 ruge, 0010 0100100001 1000110 1111001010 1001110110·
Wmffffi'fflffifflfflfflffl
111101. ,1 (0000100001). -110 00010 11101110 8100118111
000101 0100100 0000 00001ος 0110 01111 1100110 011 0010 0110·

1111110 11111011 01111111 noc 10110108111111111111.

1311

011 00110011 101010001001100001 0111010, 01011010 »apa
0101000010000000000110011. 1110

110110. 11 (00 00100001υο.-0001100 111 00 ubo 00 so
1110110 10 0110 1100101 10, 01100100 10 0111010, 00000 10
1110101, 01000 00010 0000000001011111001. 11

1101001 1 (00 0001001110-10111 :uxilium 0010001131

00000000110100000100000001001 100001110101ςο0010110
01 010010οι100 0011000 0000100101οο 00 1000000111 effi

10101. 1111 (00 10001001 0110010010111101110- 100001
11101, 0110011100οι 1010011108001011010010001000 001011·
10111000001110001101101001010111. 11115

11010011 (10 1100100111 100000).-· 1100001000 nemesio
11 1111 100110 1101110 ιι 0110001 00 0100000010 00011000101110·
00 01100001, 8111100010 0110010 00110110 00010100101001011011
10001100 000001 0001011111. 1181

1101001010 0110100011-0001110 0011 010 1100110000
10010010 1101110110 01001110. 101100100010111 8110001010
ejusque 00 es, 01 000001011011001111001111100 1101000111. 1188

Ι1111110011, 1100. 11101011ιο 010110111101110101110000ιο01000·
011111Ιο011 0010110000 0011 0010000100οο 10010110 0ιί0111ὁ

111

11100. 111 1101000000110010111).-1100001001000010·
0101001100 10 0011011110 00ιο01110 00111110 0011 1110100100ιο
0011010 0110101001 0000 0101001010, 01801100100000 01011031(-1
..111101110110111101οι..11100
0010, 01 800000101110001011101011111101111111. 11118

1111118.
11111 01111110 11011110οτ1010 1000000100.

8. 1110008108.
11011110 1110100100 10 S. Ambrosium cadurcensem 001000·

00111. lm.
8111111808 111.

1197

11011110 ι’11 810 1101111111 111 000011. ms
8111101111 111 1111810111. ι 1118
1000111111011 [00 0001100101 00010101 1100 0000010111).-
Narrat 1110110111, 1100000110011110,11100110101000000110
01ιο1111οι11 010 10010010 0111100101000001111111000οτ 000
:nomine 0001110 agit, petitque 111 11110011 1100οι 001110οἶ00·
ΙΙ80100. 11 (00 001110οι11 01 00 10001010 regem-13¹0·
1000011011000 01 800010 0110 0010 , 001011001100110 01 010-
10010 Francis 8100110001 0001111 1010110000 001101100111.
10110111 (00 1100010111 01100010001110010100001.-· 82019
11110101 0100000 00 1101010010 001100001οι11100000111011 01111.
10111 01 1οι10011010υο 000001 00 1000010 000 00 00111100·
010 10010010· 1010000001. 1251
111100. 11 (00 00000111). -01111100 0000101 01010100ιο 110
01100 10000001 1100100011 111101101000111011001, 01ιο 00000001
00010 01011001 000100011011010001101 10 11111111110111001. ¹255
110100. 1 (00 011101011110110100- 110001 011101 ejus 00111·
00101 0011110Ιο. s mmm 1181

11010101088111011111011, 00001011 11110011οι111. ’ nid.
gfflbzfgssliicliiililnqffig‘bqtffinodieti 0010 1010110. 1111119
d Ιι00110000 0001001001000111001010110101101010118.Βξιέἓῐ
...111101181101111..11111111.;1··’“’111

8. ,1118108108 1811811118.

11011110 1118. Ambrosium 1010011100, 01101001 1101100011-
’Ἢ 8. 1111100111 autperti 011111 0100000101111110 minis&
'ahgi
10111.

8. 1111110811 0111811111.
1311 11 {w 1111001101. 1100
110111111101001101100101111001101111111. Ι tw.
1101001101001101 1110011111, 1100111101 1110010. 1110

81118 10111 0110618111 Nom.

1131111 ι1Ιι1Ι

'O

10011110. - Ex ’10011 m. 1110118.

 

